time,temperature_2m (°C),relative_humidity_2m (%),wind_speed_10m (km/h)
2024-10-09T00:00,14.8,95,9.4
2024-10-09T01:00,14.5,98,13.3
2024-10-09T02:00,14.6,96,12.3
2024-10-09T03:00,14.2,96,8.4
2024-10-09T04:00,13.8,96,10.0
2024-10-09T05:00,13.6,96,11.6
2024-10-09T06:00,13.4,96,9.8
2024-10-09T07:00,13.6,95,13.8
2024-10-09T08:00,14.7,89,17.8
2024-10-09T09:00,16.0,82,19.1
2024-10-09T10:00,17.3,74,19.8
2024-10-09T11:00,18.5,70,17.5
2024-10-09T12:00,19.1,65,19.7
2024-10-09T13:00,19.4,66,18.2
2024-10-09T14:00,19.4,67,18.4
2024-10-09T15:00,18.8,69,15.8
2024-10-09T16:00,17.7,72,13.7
2024-10-09T17:00,16.8,78,17.3
2024-10-09T18:00,16.5,78,21.0
2024-10-09T19:00,16.6,75,20.0
2024-10-09T20:00,16.7,76,21.4
2024-10-09T21:00,16.6,76,18.7
2024-10-09T22:00,16.9,71,20.2
2024-10-09T23:00,17.0,68,21.2
2024-10-10T00:00,17.1,67,21.2
2024-10-10T01:00,16.1,74,21.2
2024-10-10T02:00,16.0,74,21.3
2024-10-10T03:00,15.6,78,22.2
2024-10-10T04:00,16.1,75,25.4
2024-10-10T05:00,16.1,77,26.0
2024-10-10T06:00,17.0,75,24.3
2024-10-10T07:00,17.7,69,27.1
2024-10-10T08:00,18.6,66,29.0
2024-10-10T09:00,17.6,81,32.2
2024-10-10T10:00,15.4,82,37.5
2024-10-10T11:00,15.7,80,34.0
2024-10-10T12:00,17.3,68,32.2
2024-10-10T13:00,16.9,69,26.9
2024-10-10T14:00,17.2,66,24.0
2024-10-10T15:00,16.4,69,21.9
2024-10-10T16:00,14.8,77,22.1
2024-10-10T17:00,14.0,80,22.3
2024-10-10T18:00,12.7,81,19.8
2024-10-10T19:00,11.7,81,18.1
2024-10-10T20:00,10.8,80,17.2
2024-10-10T21:00,10.1,80,15.3
2024-10-10T22:00,9.3,82,14.8
2024-10-10T23:00,8.9,82,14.6
2024-10-11T00:00,8.3,82,13.7
2024-10-11T01:00,7.8,84,13.0
2024-10-11T02:00,7.2,87,11.9
2024-10-11T03:00,6.9,89,11.5
2024-10-11T04:00,6.5,92,12.2
2024-10-11T05:00,6.9,90,11.9
2024-10-11T06:00,7.6,86,13.3
2024-10-11T07:00,8.4,85,11.6
2024-10-11T08:00,9.7,79,16.5
2024-10-11T09:00,10.7,72,17.0
2024-10-11T10:00,11.6,69,14.7
2024-10-11T11:00,12.2,66,15.1
2024-10-11T12:00,12.6,62,15.2
2024-10-11T13:00,12.4,57,17.1
2024-10-11T14:00,12.3,57,16.2
2024-10-11T15:00,11.8,61,13.6
2024-10-11T16:00,10.4,67,8.8
2024-10-11T17:00,8.7,74,7.8
2024-10-11T18:00,8.0,77,7.6
2024-10-11T19:00,7.6,80,8.8
2024-10-11T20:00,7.0,83,7.8
2024-10-11T21:00,5.8,89,7.7
2024-10-11T22:00,5.1,90,9.3
2024-10-11T23:00,5.0,91,7.4
2024-10-12T00:00,5.0,92,6.3
2024-10-12T01:00,4.1,94,6.6
2024-10-12T02:00,3.5,95,6.6
2024-10-12T03:00,3.3,95,6.2
2024-10-12T04:00,2.9,95,6.0
2024-10-12T05:00,2.6,97,5.4
2024-10-12T06:00,3.1,96,7.3
2024-10-12T07:00,5.4,91,9.5
2024-10-12T08:00,8.1,85,8.7
2024-10-12T09:00,10.6,75,11.4
2024-10-12T10:00,12.1,65,15.5
2024-10-12T11:00,12.8,59,17.9
2024-10-12T12:00,13.2,56,19.1
2024-10-12T13:00,13.3,54,21.9
2024-10-12T14:00,13.1,54,18.5
2024-10-12T15:00,12.7,56,18.4
2024-10-12T16:00,11.9,58,17.1
2024-10-12T17:00,11.3,60,19.1
2024-10-12T18:00,10.7,61,19.1
2024-10-12T19:00,10.7,61,19.5
2024-10-12T20:00,10.7,62,19.7
2024-10-12T21:00,9.8,66,18.5
2024-10-12T22:00,10.1,67,19.2
2024-10-12T23:00,10.5,67,19.4
2024-10-13T00:00,10.3,75,19.1
2024-10-13T01:00,9.6,86,18.4
2024-10-13T02:00,9.8,87,16.6
2024-10-13T03:00,9.9,89,16.8
2024-10-13T04:00,10.2,91,18.5
2024-10-13T05:00,10.5,93,20.0
2024-10-13T06:00,10.1,86,29.3
2024-10-13T07:00,9.6,82,26.8
2024-10-13T08:00,9.5,77,34.1
2024-10-13T09:00,9.8,70,34.7
2024-10-13T10:00,9.8,72,36.2
2024-10-13T11:00,10.8,69,34.9
2024-10-13T12:00,11.9,61,34.9
2024-10-13T13:00,11.7,68,32.3
2024-10-13T14:00,11.4,72,34.7
2024-10-13T15:00,11.7,70,32.6
2024-10-13T16:00,11.5,68,33.3
2024-10-13T17:00,10.9,69,29.5
2024-10-13T18:00,10.6,69,29.5
2024-10-13T19:00,10.4,71,28.6
2024-10-13T20:00,10.0,71,27.8
2024-10-13T21:00,9.5,72,26.9
2024-10-13T22:00,9.1,74,26.1
2024-10-13T23:00,8.7,75,25.0
2024-10-14T00:00,8.3,76,24.3
2024-10-14T01:00,8.1,76,23.6
2024-10-14T02:00,7.6,78,21.5
2024-10-14T03:00,7.2,80,21.3
2024-10-14T04:00,7.0,81,21.0
2024-10-14T05:00,6.7,82,18.7
2024-10-14T06:00,6.6,83,18.2
2024-10-14T07:00,7.7,81,15.8
2024-10-14T08:00,9.0,77,18.1
2024-10-14T09:00,10.4,71,19.5
2024-10-14T10:00,11.1,69,18.0
2024-10-14T11:00,11.4,67,17.2
2024-10-14T12:00,11.2,67,15.1
2024-10-14T13:00,11.9,65,14.2
2024-10-14T14:00,11.8,65,12.8
2024-10-14T15:00,11.4,69,10.3
2024-10-14T16:00,10.6,73,8.6
2024-10-14T17:00,10.1,75,6.7
2024-10-14T18:00,9.8,78,7.6
2024-10-14T19:00,9.5,82,8.8
2024-10-14T20:00,9.1,86,7.3
2024-10-14T21:00,8.3,92,5.6
2024-10-14T22:00,7.6,93,6.4
2024-10-14T23:00,8.1,93,7.7
2024-10-15T00:00,8.4,92,8.2
2024-10-15T01:00,7.3,95,6.9
2024-10-15T02:00,6.5,97,7.2
2024-10-15T03:00,5.3,99,6.1
2024-10-15T04:00,5.0,99,6.5
2024-10-15T05:00,5.1,99,7.0
2024-10-15T06:00,5.6,98,8.3
2024-10-15T07:00,6.7,96,7.8
2024-10-15T08:00,8.5,89,5.7
2024-10-15T09:00,10.0,80,4.6
2024-10-15T10:00,11.0,69,4.4
2024-10-15T11:00,11.6,63,4.6
2024-10-15T12:00,12.0,58,6.2
2024-10-15T13:00,12.0,57,2.0
2024-10-15T14:00,12.0,55,0.7
2024-10-15T15:00,11.4,61,3.8
2024-10-15T16:00,8.7,75,6.7
2024-10-15T17:00,7.2,80,7.5
2024-10-15T18:00,6.4,83,6.7
2024-10-15T19:00,6.4,82,10.7
2024-10-15T20:00,6.2,81,12.8
2024-10-15T21:00,6.0,82,13.0
2024-10-15T22:00,5.7,83,12.9
2024-10-15T23:00,5.6,83,14.5
2024-10-16T00:00,5.6,82,14.6
2024-10-16T01:00,5.0,88,15.3
2024-10-16T02:00,4.9,90,16.5
2024-10-16T03:00,4.9,92,17.1
2024-10-16T04:00,5.1,92,19.0
2024-10-16T05:00,5.3,92,20.2
2024-10-16T06:00,5.5,92,20.5
2024-10-16T07:00,6.7,87,19.2
2024-10-16T08:00,8.2,82,22.6
2024-10-16T09:00,9.8,75,24.5
2024-10-16T10:00,11.2,69,25.4
2024-10-16T11:00,12.4,65,24.3
2024-10-16T12:00,13.3,61,23.9
2024-10-16T13:00,13.8,59,24.0
2024-10-16T14:00,13.5,60,24.6
2024-10-16T15:00,12.7,64,23.8
2024-10-16T16:00,11.5,69,24.9
2024-10-16T17:00,11.0,72,25.8
2024-10-16T18:00,10.6,74,26.2
2024-10-16T19:00,10.3,76,25.4
2024-10-16T20:00,10.0,79,24.3
2024-10-16T21:00,9.8,79,23.0
2024-10-16T22:00,9.5,79,21.9
2024-10-16T23:00,9.2,78,22.1
2024-10-17T00:00,9.1,77,21.7
2024-10-17T01:00,8.3,82,20.6
2024-10-17T02:00,8.4,82,20.8
2024-10-17T03:00,8.6,81,21.1
2024-10-17T04:00,8.6,80,20.7
2024-10-17T05:00,8.5,79,22.4
2024-10-17T06:00,8.6,78,22.7
2024-10-17T07:00,9.8,75,22.0
2024-10-17T08:00,11.7,69,22.1
2024-10-17T09:00,12.9,67,21.8
2024-10-17T10:00,14.1,65,20.6
2024-10-17T11:00,15.3,63,19.5
2024-10-17T12:00,16.2,61,19.7
2024-10-17T13:00,16.1,62,19.6
2024-10-17T14:00,15.9,63,17.8
2024-10-17T15:00,15.0,66,17.1
2024-10-17T16:00,14.1,69,16.2
2024-10-17T17:00,13.6,70,15.9
2024-10-17T18:00,13.1,72,14.3
2024-10-17T19:00,12.6,75,13.0
2024-10-17T20:00,12.3,77,13.0
2024-10-17T21:00,11.8,81,12.6
2024-10-17T22:00,12.1,80,12.5
2024-10-17T23:00,11.9,80,13.0
2024-10-18T00:00,11.6,81,11.2
2024-10-18T01:00,10.6,85,10.7
2024-10-18T02:00,9.8,89,10.1
2024-10-18T03:00,9.5,91,10.5
2024-10-18T04:00,9.4,92,11.9
2024-10-18T05:00,9.3,93,10.8
2024-10-18T06:00,9.3,93,11.3
2024-10-18T07:00,11.0,88,14.2
2024-10-18T08:00,13.1,81,13.0
2024-10-18T09:00,14.7,69,16.6
2024-10-18T10:00,15.6,65,17.9
2024-10-18T11:00,16.3,63,18.6
2024-10-18T12:00,16.9,63,17.2
2024-10-18T13:00,16.7,65,16.1
2024-10-18T14:00,17.6,63,15.8
2024-10-18T15:00,16.5,68,13.1
2024-10-18T16:00,14.5,75,8.8
2024-10-18T17:00,13.0,83,8.1
2024-10-18T18:00,12.7,84,12.4
2024-10-18T19:00,12.5,84,13.6
2024-10-18T20:00,12.0,85,12.6
2024-10-18T21:00,11.7,84,13.6
2024-10-18T22:00,11.5,80,13.7
2024-10-18T23:00,11.2,77,14.0
2024-10-19T00:00,11.0,76,15.3
2024-10-19T01:00,10.6,78,13.3
2024-10-19T02:00,10.5,78,11.9
2024-10-19T03:00,10.6,78,11.9
2024-10-19T04:00,10.3,82,12.3
2024-10-19T05:00,10.1,86,13.6
2024-10-19T06:00,10.3,87,13.2
2024-10-19T07:00,11.4,84,14.4
2024-10-19T08:00,13.0,79,13.5
2024-10-19T09:00,15.0,74,15.0
2024-10-19T10:00,16.5,72,16.0
2024-10-19T11:00,18.0,71,18.0
2024-10-19T12:00,18.4,71,18.5
2024-10-19T13:00,18.7,70,19.3
2024-10-19T14:00,18.7,71,13.9
2024-10-19T15:00,18.1,75,10.1
2024-10-19T16:00,16.6,81,12.4
2024-10-19T17:00,15.4,84,14.3
2024-10-19T18:00,14.5,87,13.4
2024-10-19T19:00,13.7,90,13.0
2024-10-19T20:00,13.4,90,12.4
2024-10-19T21:00,12.9,91,11.1
2024-10-19T22:00,12.4,93,10.5
2024-10-19T23:00,12.1,94,10.5
2024-10-20T00:00,11.7,95,9.1
2024-10-20T01:00,11.2,95,8.3
2024-10-20T02:00,10.9,96,8.4
2024-10-20T03:00,10.8,96,10.0
2024-10-20T04:00,10.7,96,9.6
2024-10-20T05:00,10.8,96,10.0
2024-10-20T06:00,10.8,96,10.1
2024-10-20T07:00,11.4,92,11.7
2024-10-20T08:00,11.6,87,11.4
2024-10-20T09:00,12.6,79,12.6
2024-10-20T10:00,13.5,78,12.4
2024-10-20T11:00,15.1,75,10.2
2024-10-20T12:00,16.0,71,9.7
2024-10-20T13:00,16.6,63,12.1
2024-10-20T14:00,16.4,64,11.4
2024-10-20T15:00,15.6,70,11.6
2024-10-20T16:00,14.1,75,11.8
2024-10-20T17:00,13.6,76,13.2
2024-10-20T18:00,13.6,77,13.3
2024-10-20T19:00,13.7,77,14.0
2024-10-20T20:00,13.4,79,13.3
2024-10-20T21:00,13.5,82,15.1
2024-10-20T22:00,13.8,87,15.9
2024-10-20T23:00,14.4,87,16.1
2024-10-21T00:00,14.2,88,15.4
2024-10-21T01:00,14.3,86,14.0
2024-10-21T02:00,14.2,86,16.1
2024-10-21T03:00,14.2,86,17.1
2024-10-21T04:00,14.4,84,16.3
2024-10-21T05:00,14.7,82,16.0
2024-10-21T06:00,14.4,86,16.4
2024-10-21T07:00,14.7,86,15.3
2024-10-21T08:00,14.8,87,14.8
2024-10-21T09:00,16.4,85,12.7
2024-10-21T10:00,17.2,83,14.7
2024-10-21T11:00,18.2,79,15.7
2024-10-21T12:00,17.9,81,13.2
2024-10-21T13:00,18.8,79,12.1
2024-10-21T14:00,17.3,90,9.5
2024-10-21T15:00,16.8,93,8.9
2024-10-21T16:00,16.3,94,7.7
2024-10-21T17:00,16.2,93,8.6
2024-10-21T18:00,16.1,93,4.7
2024-10-21T19:00,15.2,95,4.9
2024-10-21T20:00,14.3,96,6.7
2024-10-21T21:00,14.1,96,8.4
2024-10-21T22:00,13.9,96,9.6
2024-10-21T23:00,13.8,96,8.6
2024-10-22T00:00,13.8,96,8.8
2024-10-22T01:00,13.4,96,9.6
2024-10-22T02:00,13.4,95,9.0
2024-10-22T03:00,12.9,94,11.8
2024-10-22T04:00,12.4,93,12.6
2024-10-22T05:00,12.2,92,14.4
2024-10-22T06:00,12.1,92,14.3
2024-10-22T07:00,13.2,88,14.3
2024-10-22T08:00,14.5,83,16.0
2024-10-22T09:00,16.2,81,15.8
2024-10-22T10:00,18.0,73,27.0
2024-10-22T11:00,17.1,74,27.1
2024-10-22T12:00,15.5,72,26.2
2024-10-22T13:00,14.7,71,20.7
2024-10-22T14:00,14.6,65,19.8
2024-10-22T15:00,14.0,68,12.7
2024-10-22T16:00,11.6,77,7.9
2024-10-22T17:00,10.3,83,7.9
2024-10-22T18:00,9.9,86,9.4
2024-10-22T19:00,9.6,88,9.2
2024-10-22T20:00,9.3,89,10.3
2024-10-22T21:00,9.1,90,10.9
2024-10-22T22:00,8.9,91,11.2
2024-10-22T23:00,8.8,92,11.3
2024-10-23T00:00,8.7,92,11.2
2024-10-23T01:00,8.1,94,10.1
2024-10-23T02:00,7.9,95,9.3
2024-10-23T03:00,7.7,95,8.8
2024-10-23T04:00,7.3,96,8.2
2024-10-23T05:00,7.1,97,7.8
2024-10-23T06:00,6.9,97,6.9
2024-10-23T07:00,8.2,95,9.7
2024-10-23T08:00,9.8,92,8.0
2024-10-23T09:00,11.4,87,8.2
2024-10-23T10:00,13.1,82,11.2
2024-10-23T11:00,13.9,79,11.0
2024-10-23T12:00,14.5,73,10.6
2024-10-23T13:00,14.1,75,7.7
2024-10-23T14:00,14.1,74,6.0
2024-10-23T15:00,13.3,87,3.7
2024-10-23T16:00,13.0,79,2.0
2024-10-23T17:00,10.1,89,4.0
2024-10-23T18:00,9.3,92,5.5
2024-10-23T19:00,9.0,93,7.2
2024-10-23T20:00,8.1,94,7.7
2024-10-23T21:00,8.4,95,6.5
2024-10-23T22:00,8.7,95,6.2
2024-10-23T23:00,7.2,96,7.5
